[gd_scene load_steps=19 format=3 uid="uid://uosxp1047q5q"]

[ext_resource type="PackedScene" uid="uid://4bpysmfyaucd" path="res://Player/Player.tscn" id="1_vcvoh"]
[ext_resource type="Shader" path="res://Shaders/LowPolyWater.gdshader" id="2_s5ct0"]
[ext_resource type="PackedScene" uid="uid://dwonq6smq66e5" path="res://Assets/Tree/TreeA.tscn" id="5_x4ls6"]
[ext_resource type="PackedScene" uid="uid://ks6v3dqyosw1" path="res://Items/Note/Note.tscn" id="6_biadx"]
[ext_resource type="PackedScene" uid="uid://ce4oupxthxwyj" path="res://Assets/Map/Map.tscn" id="6_hfbka"]
[ext_resource type="ArrayMesh" uid="uid://nkynim3ufxf2" path="res://Items/Axe/AxeMesh.tres" id="6_njcno"]
[ext_resource type="PackedScene" uid="uid://dvdqxpa7d0or" path="res://Items/Door/Door.tscn" id="7_0n3i4"]
[ext_resource type="PackedScene" uid="uid://1c16c642xy43" path="res://Items/CollectibleComponent.tscn" id="7_kbu2h"]
[ext_resource type="PackedScene" uid="uid://btv6qhb72hs17" path="res://Items/Oil/Oil.tscn" id="9_ite20"]
[ext_resource type="PackedScene" uid="uid://6wol43iaxesx" path="res://Assets/Hog/BoarAlive.tscn" id="10_5gk7b"]
[ext_resource type="PackedScene" uid="uid://b8lnhhjgvx8qw" path="res://Assets/Tree/TreeB.tscn" id="11_ow83r"]

[sub_resource type="Environment" id="Environment_x68d6"]
background_mode = 1

[sub_resource type="SphereMesh" id="SphereMesh_wnn6p"]
radius = 50.0
height = 100.0

[sub_resource type="MeshTexture" id="MeshTexture_v7lnn"]
mesh = SubResource("SphereMesh_wnn6p")

[sub_resource type="ShaderMaterial" id="ShaderMaterial_1pnir"]
render_priority = 0
shader = ExtResource("2_s5ct0")
shader_parameter/water_color = Color(0.0327087, 0.20041, 0.281639, 1)
shader_parameter/emission = Vector3(0, 0, 0)
shader_parameter/height = 0.4
shader_parameter/speed = 1.0
shader_parameter/beer_factor = 0.0
shader_parameter/metallic = 0.6
shader_parameter/specular = 0.5
shader_parameter/roughness = 0.2

[sub_resource type="PlaneMesh" id="PlaneMesh_blwn6"]
material = SubResource("ShaderMaterial_1pnir")
size = Vector2(150, 150)
subdivide_width = 150
subdivide_depth = 150

[sub_resource type="CylinderShape3D" id="CylinderShape3D_kp7oc"]
height = 6.0
radius = 8.0

[sub_resource type="ConvexPolygonShape3D" id="ConvexPolygonShape3D_703ea"]
points = PackedVector3Array(-0.0157426, 0.586071, -0.310969, 0.034119, 0.785576, 0.162855, 0.0839976, 0.810572, 0.137902, 0.0590498, -0.760469, 0.137902, -0.090569, 0.810572, 0.137902, -0.0656212, -0.735316, 0.0131847, 0.034119, 0.785576, -0.286016, 0.0590498, -0.760469, 0.0131847, -0.0656212, -0.71032, 0.137902, -0.090569, 0.810572, -0.0366744, 0.0839976, 0.636064, -0.0616272, -0.0406904, 0.785576, -0.261064, 0.034119, 0.586071, -0.286016, 0.0839976, 0.835569, 0.0131847, -0.090569, 0.636064, -0.0366744, -0.0157426, 0.636064, 0.162855, -0.0406904, 0.636064, -0.261064, -0.0406904, -0.760469, 0.0131847, 0.0839976, 0.536234, 0.0630901, -0.0656212, -0.760469, 0.112949, -0.090569, 0.636064, 0.137902, 0.00915404, 0.586071, -0.310969, -0.0157426, 0.785576, -0.310969, 0.0839976, 0.810572, -0.0616272, 0.0590498, 0.660905, -0.186252, 0.0839976, 0.636064, 0.137902, 0.034119, 0.636064, 0.162855, -0.0406904, -0.760469, 0.137902, -0.0157426, 0.785576, 0.162855, 0.00915404, 0.785576, -0.310969, -0.0656212, -0.760469, 0.0381374, 0.0590498, 0.785576, -0.186252)

[node name="Main" type="Node3D"]

[node name="WorldEnvironment" type="WorldEnvironment" parent="."]
environment = SubResource("Environment_x68d6")

[node name="N1light" type="OmniLight3D" parent="."]
transform = Transform3D(1, 0, 0, 0, 1, 0, 0, 0, 1, 16, 20, 20)
visible = false
light_energy = 50.0
light_projector = SubResource("MeshTexture_v7lnn")
light_specular = 0.0
shadow_enabled = true
shadow_opacity = 0.3
shadow_blur = 0.0
omni_range = 22.0

[node name="N2light" type="OmniLight3D" parent="."]
transform = Transform3D(1, 0, 0, 0, 1, 0, 0, 0, 1, 16, 20, 20)
visible = false
light_energy = 60.0
light_specular = 0.0
shadow_enabled = true
shadow_opacity = 0.3
omni_range = 33.0

[node name="N3light" type="OmniLight3D" parent="."]
transform = Transform3D(1, 0, 0, 0, 1, 0, 0, 0, 1, 16, 20, 20)
visible = false
light_energy = 60.0
light_specular = 0.0
shadow_enabled = true
shadow_opacity = 0.3
omni_range = 40.0

[node name="N4light" type="OmniLight3D" parent="."]
transform = Transform3D(1, 0, 0, 0, 1, 0, 0, 0, 1, 16, 20, 20)
light_energy = 60.0
light_specular = 0.0
shadow_enabled = true
shadow_opacity = 0.3
omni_range = 100.0

[node name="LookPos" type="Marker3D" parent="."]
transform = Transform3D(1, 0, 0, 0, 1, 0, 0, 0, 1, 21, 16, 20)

[node name="Map" parent="." instance=ExtResource("6_hfbka")]

[node name="Water" type="Node3D" parent="."]

[node name="MeshInstance3D" type="MeshInstance3D" parent="Water"]
mesh = SubResource("PlaneMesh_blwn6")

[node name="Player" parent="." instance=ExtResource("1_vcvoh")]
transform = Transform3D(0.960191, 0, -0.279343, 0, 1, 0, 0.279343, 0, 0.960191, 1.66214, 2.09525, 31.3748)

[node name="Note" parent="." instance=ExtResource("6_biadx")]
transform = Transform3D(0.11477, 0.04073, 0.992557, -0.334448, 0.942414, 1.49012e-08, -0.935399, -0.331959, 0.121783, 9.78139, 2.64045, 16.0409)
TEXT_ID = "n1"

[node name="Note2" parent="." instance=ExtResource("6_biadx")]
transform = Transform3D(-0.181306, -0.0643429, 0.98132, -0.334448, 0.942414, 1.13146e-08, -0.924809, -0.328201, -0.192385, 1.29618, 2.64045, 11.6856)
TEXT_ID = "n2"

[node name="Note3" parent="." instance=ExtResource("6_biadx")]
transform = Transform3D(0.612537, 0.21738, 0.759964, 0.368622, 0.771933, -0.517916, -0.699225, 0.597382, 0.392707, 3.00292, 2.64045, 7.5813)
TEXT_ID = "n3"

[node name="Note4" parent="." instance=ExtResource("6_biadx")]
transform = Transform3D(0.612537, 0.21738, 0.759964, -0.0624634, 0.971746, -0.227612, -0.78797, 0.0919507, 0.608809, -4.40321, 2.80608, 10.8593)
TEXT_ID = "n4"

[node name="Note5" parent="." instance=ExtResource("6_biadx")]
transform = Transform3D(0.612537, 0.21738, 0.759964, -0.0624634, 0.971746, -0.227612, -0.78797, 0.0919507, 0.608809, -7.85505, 3.44482, 3.57036)
TEXT_ID = "n5"

[node name="Note6" parent="." instance=ExtResource("6_biadx")]
transform = Transform3D(0.612537, 0.21738, 0.759964, -0.0624634, 0.971746, -0.227612, -0.78797, 0.0919507, 0.608809, 13.8006, 2.98539, -6.87531)
TEXT_ID = "n6"

[node name="Note7" parent="." instance=ExtResource("6_biadx")]
transform = Transform3D(0.612537, 0.21738, 0.759964, -0.0624634, 0.971746, -0.227612, -0.78797, 0.0919507, 0.608809, 20.4091, 3.4151, -8.92461)
TEXT_ID = "n7"

[node name="Note8" parent="." instance=ExtResource("6_biadx")]
transform = Transform3D(0.919656, -0.0325555, -0.391371, -0.0624634, 0.971746, -0.227612, 0.387723, 0.233771, 0.89164, 12.0196, 8.58866, -19.6984)
TEXT_ID = "n8"

[node name="StartN1" type="Area3D" parent="." groups=["start_n1"]]
transform = Transform3D(1, 0, 0, 0, 1, 0, 0, 0, 1, 16.153, 0, 20)
collision_layer = 2

[node name="CollisionShape3D" type="CollisionShape3D" parent="StartN1"]
transform = Transform3D(1, 0, 0, 0, 1, 0, 0, 0, 1, -1.88723, 0, -3.59267)
shape = SubResource("CylinderShape3D_kp7oc")

[node name="AxeBody" type="RigidBody3D" parent="."]
transform = Transform3D(0.214195, -0.907823, -0.360525, 0.949766, 0.279783, -0.140237, 0.228179, -0.312376, 0.922147, 11.85, 2.97939, 17.0156)

[node name="MeshInstance3D" type="MeshInstance3D" parent="AxeBody"]
transform = Transform3D(1, 2.98023e-08, 0, -2.98023e-08, 1, 0, 0, 0, 1, 0, 0, 0)
mesh = ExtResource("6_njcno")

[node name="CollisionShape3D" type="CollisionShape3D" parent="AxeBody"]
transform = Transform3D(1, -3.72529e-08, 0, 3.72529e-09, 1, 0, 1.49012e-08, -2.98023e-08, 1, 0, 0, 0)
shape = SubResource("ConvexPolygonShape3D_703ea")

[node name="CollectibleComponent" parent="AxeBody" instance=ExtResource("7_kbu2h")]
TYPE = "axe"

[node name="CollisionShape3D" type="CollisionShape3D" parent="AxeBody/CollectibleComponent"]
transform = Transform3D(1, -3.72529e-08, 0, 3.72529e-09, 1, 0, 1.49012e-08, -2.98023e-08, 1, 0, 0, 0)
shape = SubResource("ConvexPolygonShape3D_703ea")

[node name="Door" parent="." instance=ExtResource("7_0n3i4")]
transform = Transform3D(0.0808426, 0, -0.996727, 0, 1, 0, 0.996727, 0, 0.0808426, 11.7102, 2.96791, 2.09816)

[node name="Oil2" parent="." instance=ExtResource("9_ite20")]
transform = Transform3D(1, 0, 0, 0, 1, 0, 0, 0, 1, 15.0643, 1.61487, -1.18133)

[node name="Oil5" parent="." instance=ExtResource("9_ite20")]
transform = Transform3D(-0.324416, 0.790183, 0.519966, 0.92507, 0.379795, -2.43624e-08, -0.197481, 0.481006, -0.854187, 15.9428, 1.88188, -0.470283)

[node name="Oil4" parent="." instance=ExtResource("9_ite20")]
transform = Transform3D(1, 0, 0, 0, 1, 0, 0, 0, 1, 17.6741, 2.79947, 2.29572)

[node name="Oil3" parent="." instance=ExtResource("9_ite20")]
transform = Transform3D(1, 0, 0, 0, 1, 0, 0, 0, 1, 17.5304, 1.49409, 0.857891)

[node name="TreeA" parent="." instance=ExtResource("5_x4ls6")]
transform = Transform3D(1, 0, 0, 0, 1, 0, 0, 0, 1, 6.55937, 4, 16.0473)

[node name="TreeA2" parent="." instance=ExtResource("5_x4ls6")]
transform = Transform3D(1, 0, 0, 0, 1, 0, 0, 0, 1, 7.419, 3.5, 23.93)

[node name="TreeB" parent="." instance=ExtResource("11_ow83r")]
transform = Transform3D(1, 0, 0, 0, 1, 0, 0, 0, 1, 5.50149, 4.56238, 20.021)

[node name="TreeA3" parent="." instance=ExtResource("5_x4ls6")]
transform = Transform3D(1, 0, 0, 0, 1, 0, 0, 0, 1, -1.829, 4, -8.539)

[node name="TreeA4" parent="." instance=ExtResource("5_x4ls6")]
transform = Transform3D(-0.0344111, 0, -0.999408, 0, 1, 0, 0.999408, 0, -0.0344111, -0.065, 3.74568, 3.269)

[node name="TreeB2" parent="." instance=ExtResource("11_ow83r")]
transform = Transform3D(1, 0, 0, 0, 1, 0, 0, 0, 1, -10.2329, 5.51142, 9.56526)

[node name="TreeB3" parent="." instance=ExtResource("11_ow83r")]
transform = Transform3D(1, 0, 0, 0, 1, 0, 0, 0, 1, 15.0387, 4.52816, -7.15922)

[node name="JavaliVivo" parent="." instance=ExtResource("10_5gk7b")]
transform = Transform3D(0.202039, -0.00447594, 0.979367, 0.0892354, 0.995914, -0.0138573, -0.975304, 0.090194, 0.201613, 9.05429, 2.1221, -11.8439)
